0.0 -0.5113636363636364
1.0 -0.625
2.0 -0.31000000000000005
3.0 -0.04036223712814313
4.0 -0.875
5.0 -0.08333333333333333
6.0 -0.6704545454545455
7.0 -0.24234693877551022
8.0 -0.5
9.0 -0.25
10.0 -0.375
11.0 -0.6291555617898724
12.0 -0.75
13.0 -0.6363636363636365
14.0 -0.6363636363636365
15.0 -0.5
16.0 -0.125
17.0 -0.625
18.0 -0.27212001752080595
19.0 -0.028849255175544437
20.0 -0.04656646079965596
21.0 -0.34090909090909094
22.0 -0.125
23.0 -0.5
24.0 -0.625
25.0 -0.4166666666666667
26.0 -0.5706406664316871
27.0 -0.5
28.0 -0.5
29.0 -0.10500000000000001
30.0 -0.19283746556473833
31.0 -0.625
32.0 -0.05656934306569344
33.0 -0.25
34.0 -0.5113636363636364
35.0 -0.5706406664316871
36.0 -0.4081632653061225
37.0 -0.5113636363636364
38.0 -0.625
39.0 -0.125
40.0 -0.5113636363636364
41.0 -0.05061983471074381
42.0 -0.06000000000000001
43.0 -0.125
44.0 -0.125
45.0 -0.33339533369758545
46.0 -0.013686131386861315
47.0 -0.125
48.0 -0.75
49.0 -0.08333333333333333
50.0 -0.4583333333333333
51.0 -0.625
52.0 -0.625
53.0 -0.08333333333333333
54.0 -0.5
55.0 -0.6363636363636365
56.0 -0.75
57.0 -0.375
58.0 -0.24087591240875916
59.0 -0.24000000000000005
60.0 -0.08503401360544217
61.0 -0.08333333333333333
62.0 -0.625
63.0 -0.24234693877551022
64.0 -0.09090909090909091
65.0 -0.625
66.0 -0.019185326611942655
67.0 -0.75
68.0 -0.625
69.0 -0.34090909090909094
70.0 -0.06802721088435375
71.0 -0.5416666666666666
72.0 -0.25
73.0 -0.06000000000000001
74.0 -0.09000000000000001
75.0 -0.08333333333333333
76.0 -0.04562043795620438
77.0 -0.25
78.0 -0.125
79.0 -0.08333333333333333
80.0 -0.02737226277372263
81.0 -0.5
82.0 -0.625
83.0 -0.2539290069096329
84.0 -0.625
85.0 -0.375
86.0 -0.75
87.0 -0.06818181818181819
88.0 -0.625
89.0 -0.01595595455183055
90.0 -0.375
91.0 -0.4604040404040405
92.0 -0.01595595455183055
93.0 -0.08333333333333333
94.0 -0.08333333333333333
95.0 -0.5416666666666666
96.0 -0.125
97.0 -0.08333333333333333
98.0 -0.625
99.0 -0.04
100.0 -0.25
101.0 -0.08333333333333333
102.0 -0.3333333333333333
103.0 -0.6797445255474452
104.0 -0.27
105.0 -0.805
106.0 -0.06843065693430657
107.0 -0.5113636363636364
108.0 -0.5113636363636364
109.0 -0.875
110.0 -0.06401571602763853
111.0 -0.375
112.0 -0.5833333333333334
113.0 -0.08333333333333333
114.0 -0.4090909090909091
115.0 -0.01833092425129314
116.0 -0.625
117.0 -0.54
118.0 -0.5113636363636364
119.0 -0.09000000000000001
120.0 -0.5113636363636364
121.0 -0.06401571602763853
122.0 -0.34090909090909094
123.0 -0.5113636363636364
124.0 -0.125
125.0 -0.125
126.0 -0.019185326611942655
127.0 -0.75
128.0 -0.375
129.0 -0.25
130.0 -0.5833333333333334
131.0 -0.7083333333333334
132.0 -0.2731337217179245
133.0 -0.11727989487516424
134.0 -0.625
135.0 -0.75
136.0 -0.75
137.0 -0.625
138.0 -0.625
139.0 -0.625
140.0 -0.04275124280863844
141.0 -0.625
142.0 -0.6724295132557162
143.0 -0.75
144.0 -0.75
145.0 -0.06401571602763853
146.0 -0.2916666666666667
147.0 -0.5563590449954088
148.0 -0.4846938775510204
149.0 -0.16666666666666666
150.0 -0.10227272727272728
151.0 -0.27272727272727276
152.0 -0.18000000000000002
153.0 -0.013686131386861315
154.0 -0.625
155.0 -0.020408163265306124
156.0 -0.06000000000000001
157.0 -0.041666666666666664
158.0 -0.06401571602763853
159.0 -0.027548209366391185
160.0 -0.030612244897959186
161.0 -0.335
162.0 -0.028925619834710748
163.0 -0.06818181818181819
164.0 -0.7083333333333334
165.0 -0.875
166.0 -0.5
167.0 -0.2731337217179245
168.0 -0.625
169.0 -0.01037537345531905
170.0 -0.375
171.0 -0.08333333333333333
172.0 -0.125
173.0 -0.6363636363636365
174.0 -0.06000000000000001
175.0 -0.018410716790573715
176.0 -0.035
177.0 -0.06843065693430657
178.0 -0.00402808616500622
179.0 -0.625
180.0 -0.5706406664316871
181.0 -0.5706406664316871
182.0 -0.013102174271570594
183.0 -0.1903737262725329
184.0 -0.42006802721088443
185.0 -0.5909090909090909
186.0 -0.26003649635036497
187.0 -0.875
188.0 -0.625
189.0 -0.2773722627737226
190.0 -0.13636363636363638
191.0 -0.75
192.0 -0.25
193.0 -0.5416666666666666
194.0 -0.07
195.0 -0.8333333333333334
196.0 -0.5
197.0 -0.5340909090909092
198.0 -0.6666666666666666
199.0 -0.875
200.0 -0.6666666666666666
201.0 -0.125
202.0 -0.3490625485300618
203.0 -0.03213957759412305
204.0 -0.5113636363636364
205.0 -0.5833333333333334
206.0 -0.034013605442176874
207.0 -0.02606219886114762
208.0 -0.5
209.0 -0.5
210.0 -0.5
211.0 -0.5
212.0 -0.1735537190082645
213.0 -0.03382752515770344
214.0 -0.125
215.0 -0.6138181818181818
216.0 -0.625
217.0 -0.125
218.0 -0.5706406664316871
219.0 -0.08333333333333333
220.0 -0.028925619834710748
221.0 -0.36133333333333334
222.0 -0.625
223.0 -0.5340909090909092
224.0 -0.08333333333333333
225.0 -0.2731337217179245
226.0 -0.5113636363636364
227.0 -0.125
228.0 -0.6363636363636365
229.0 -0.5100000000000001
230.0 -0.4090909090909091
231.0 -0.27212001752080595
232.0 -0.034090909090909095
233.0 -0.31569343065693434
234.0 -0.18000000000000002
235.0 -0.3571428571428572
236.0 -0.034090909090909095
237.0 -0.75
238.0 -0.022727272727272728
239.0 -0.625
240.0 -0.6477272727272727
241.0 -0.26033057851239677
242.0 -0.625
243.0 -0.625
244.0 -0.75
245.0 -0.4604040404040405
246.0 -0.06818181818181819
247.0 -0.7083333333333334
248.0 -0.034090909090909095
249.0 -0.625
250.0 -0.34090909090909094
251.0 -0.5113636363636364
252.0 -0.75
253.0 -0.3333333333333333
254.0 -0.25340136054421775
255.0 -0.75
256.0 -0.03213957759412305
257.0 -0.08843537414965988
258.0 -0.3490625485300618
259.0 -0.625
260.0 -0.625
261.0 -0.4583333333333333
262.0 -0.625
263.0 -0.625
264.0 -0.625
265.0 -0.625
266.0 -0.041666666666666664
267.0 -0.08333333333333333
268.0 -0.06000000000000001
269.0 -0.625
270.0 -0.625
271.0 -0.6363636363636365
272.0 -0.10500000000000001
273.0 -0.42006802721088443
274.0 -0.01037537345531905
275.0 -0.43704379562043794
276.0 -0.01037537345531905
277.0 -0.75
278.0 -0.75
279.0 -0.625
280.0 -0.4166666666666667
281.0 -0.25
282.0 -0.5706406664316871
283.0 -0.6724295132557162
284.0 -0.25
285.0 -0.4166666666666667
286.0 -0.4166666666666667
287.0 -0.21853741496598642
288.0 -0.14772727272727273
289.0 -0.17490180951045028
290.0 -0.4583333333333333
291.0 -0.75
292.0 -0.5775547445255476
293.0 -0.5900000000000001
294.0 -0.25
295.0 -0.42161948243688996
296.0 -0.08000000000000002
297.0 -0.75
298.0 -0.36000000000000004
299.0 -0.04599211563731932
300.0 -0.625
301.0 -0.05061983471074381
302.0 -0.75
303.0 -0.125
304.0 -0.04760127103964831
305.0 -0.375
306.0 -0.041666666666666664
307.0 -0.36000000000000004
308.0 -0.5927550467416339
309.0 -0.028925619834710748
310.0 -0.18000000000000002
311.0 -0.6291555617898724
312.0 -0.6363636363636365
313.0 -0.16666666666666666
314.0 -0.04
315.0 -0.875
316.0 -0.25
317.0 -0.625
318.0 -0.5
319.0 -0.008503401360544218
320.0 -0.021840726513634078
321.0 -0.24000000000000005
322.0 -0.08394258527473328
323.0 -0.2731337217179245
324.0 -0.2731337217179245
325.0 -0.3605163249648171
326.0 -0.3605163249648171
327.0 -0.125
328.0 -0.3605163249648171
329.0 -0.36000000000000004
330.0 -0.3605163249648171
331.0 -0.5
332.0 -0.4583333333333333
333.0 -0.10947635316744514
334.0 -0.10947635316744514
335.0 -0.3605163249648171
336.0 -0.3605163249648171
337.0 -0.27212001752080595
338.0 -0.10947635316744514
339.0 -0.5
340.0 -0.5909090909090909
341.0 -0.27212001752080595
342.0 -0.8712727272727273
343.0 -0.3605163249648171
344.0 -0.10947635316744514
345.0 -0.6136363636363636
346.0 -0.75
347.0 -0.0021901007446342557
348.0 -0.6590909090909091
349.0 -0.3605163249648171
350.0 -0.75
351.0 -0.625
352.0 -0.625
353.0 -0.3605163249648171
354.0 -0.75
355.0 -0.3605163249648171
356.0 -0.75
357.0 -0.625
358.0 -0.3333333333333333
359.0 -0.4604040404040405
360.0 -0.022727272727272728
361.0 -0.625
362.0 -0.75
363.0 -0.045454545454545456
364.0 -0.28284671532846717
365.0 -0.20833333333333334
366.0 -0.875
367.0 -0.25
368.0 -0.75
369.0 -0.43100000000000005
370.0 -0.08418367346938777
371.0 -0.625
372.0 -0.75
373.0 -0.75
374.0 -0.625
375.0 -0.25
376.0 -0.5568181818181818
377.0 -0.625
378.0 -0.5
379.0 -0.125
380.0 -0.25
381.0 -0.75
382.0 -0.4604040404040405
383.0 -0.18181818181818185
384.0 -0.5
385.0 -0.019185326611942655
386.0 -0.2731337217179245
387.0 -0.4292597459483137
388.0 -0.5
389.0 -0.75
390.0 -0.34090909090909094
391.0 -0.5113636363636364
392.0 -0.625
393.0 -0.5113636363636364
394.0 -0.75
395.0 -0.6666666666666666
396.0 -0.375
397.0 -0.125
398.0 -0.625
399.0 -0.20454545454545456
400.0 -0.5706406664316871
401.0 -0.625
402.0 -0.5
403.0 -0.2773722627737226
404.0 -0.04
405.0 -0.625
406.0 -0.16666666666666666
407.0 -0.625
408.0 -0.125
409.0 -0.75
410.0 -0.625
411.0 -0.08333333333333333
412.0 -0.32954545454545453
413.0 -0.25
414.0 -0.08333333333333333
415.0 -0.20454545454545456
416.0 -0.025489794848117878
417.0 -0.4846938775510204
418.0 -0.5706406664316871
419.0 -0.06327125467381826
420.0 -0.75
421.0 -0.30000000000000004
422.0 -0.17000000000000004
423.0 -0.4604040404040405
424.0 -0.625
425.0 -0.06401571602763853
426.0 -0.625
427.0 -0.4090909090909091
428.0 -0.08333333333333333
429.0 -0.5113636363636364
430.0 -0.375
431.0 -0.625
432.0 -0.5113636363636364
433.0 -0.5113636363636364
434.0 -0.5113636363636364
435.0 -0.27840277860735146
436.0 -0.06401571602763853
437.0 -0.625
438.0 -0.09500000000000001
439.0 -0.36000000000000004
440.0 -0.75
441.0 -0.375
442.0 -0.625
443.0 -0.625
444.0 -0.2916666666666667
445.0 -0.4583333333333333
446.0 -0.6206666666666667
447.0 -0.875
448.0 -0.5656934306569343
449.0 -0.5
450.0 -0.06000000000000001
451.0 -0.032851511169513806
452.0 -0.030000000000000006
453.0 -0.08333333333333333
454.0 -0.030000000000000006
455.0 -0.05474452554744526
456.0 -0.008503401360544218
457.0 -0.4583333333333333
458.0 -0.375
459.0 -0.75
460.0 -0.3068181818181818
461.0 -0.25
462.0 -0.6590909090909091
463.0 -0.25
464.0 -0.25
465.0 -0.625
466.0 -0.4583333333333333
467.0 -0.5
468.0 -0.5227272727272728
469.0 -0.625
470.0 -0.4583333333333333
471.0 -0.75
472.0 -0.125
473.0 -0.3333333333333333
474.0 -0.625
475.0 -0.3333333333333333
476.0 -0.7083333333333334
477.0 -0.4604040404040405
478.0 -0.625
479.0 -0.27272727272727276
480.0 -0.75
481.0 -0.3605163249648171
482.0 -0.436868686868687
483.0 -0.055000000000000014
484.0 -0.4604040404040405
485.0 -0.8712727272727273
486.0 -0.25
487.0 -0.2916666666666667
488.0 -0.625
489.0 -0.625
490.0 -0.04
491.0 -0.08333333333333333
492.0 -0.008503401360544218
493.0 -0.36000000000000004
494.0 -0.75
495.0 -0.625
496.0 -0.625
497.0 -0.625
498.0 -0.625
499.0 -0.625
500.0 -0.515
501.0 -0.515
502.0 -0.515
503.0 -0.5788435374149661
504.0 -0.36000000000000004
505.0 -0.6724295132557162
506.0 -0.25
507.0 -0.5706406664316871
508.0 -0.875
509.0 -0.1590909090909091
510.0 -0.7954545454545454
511.0 -0.10500000000000001
512.0 -0.125
513.0 -0.27272727272727276
514.0 -0.125
515.0 -0.2731337217179245
516.0 -0.6363636363636365
517.0 -0.6797445255474452
518.0 -0.125
519.0 -0.021897810218978103
520.0 -0.016069788797061526
521.0 -0.25
522.0 -0.25
523.0 -0.5416666666666666
524.0 -0.75
525.0 -0.6724295132557162
526.0 -0.08333333333333333
527.0 -0.5053417188825985
528.0 -0.5
529.0 -0.4583333333333333
530.0 -0.4583333333333333
531.0 -0.25
532.0 -0.04215943933420938
533.0 -0.34090909090909094
534.0 -0.08758503401360546
535.0 -0.625
536.0 -0.625
537.0 -0.625
538.0 -0.625
539.0 -0.625
540.0 -0.04
541.0 -0.04
542.0 -0.625
543.0 -0.875
544.0 -0.06000000000000001
545.0 -0.02573368374945248
546.0 -0.18000000000000002
547.0 -0.875
548.0 -0.33339533369758545
549.0 -0.08333333333333333
550.0 -0.33339533369758545
551.0 -0.09000000000000001
552.0 -0.625
553.0 -0.11479591836734696
554.0 -0.08333333333333333
555.0 -0.75
556.0 -0.04
557.0 -0.06569343065693431
558.0 -0.021258503401360544
559.0 -0.11479591836734696
560.0 -0.32954545454545453
561.0 -0.08394258527473328
562.0 -0.75
563.0 -0.2731337217179245
564.0 -0.625
565.0 -0.04562043795620438
566.0 -0.125
567.0 -0.32954545454545453
568.0 -0.2731337217179245
569.0 -0.6200000000000001
570.0 -0.08394258527473328
571.0 -0.08333333333333333
572.0 -0.019185326611942655
573.0 -0.36000000000000004
574.0 -0.11479591836734696
575.0 -0.08394258527473328
576.0 -0.09198423127463864
577.0 -0.009819048954972648
578.0 -0.36000000000000004
579.0 -0.625
580.0 -0.875
581.0 -0.625
582.0 -0.625
583.0 -0.34090909090909094
584.0 -0.06818181818181819
585.0 -0.011289291503495547
586.0 -0.09124087591240877
587.0 -0.4583333333333333
588.0 -0.05061983471074381
589.0 -0.25
590.0 -0.27212001752080595
591.0 -0.2731337217179245
592.0 -0.2731337217179245
593.0 -0.16666666666666666
594.0 -0.06818181818181819
595.0 -0.023585549817815733
596.0 -0.19283746556473833
597.0 -0.75
598.0 -0.36000000000000004
599.0 -0.1425515500070136
600.0 -0.06843065693430657
601.0 -0.00402808616500622
602.0 -0.05
603.0 -0.059748001625795966
604.0 -0.625
605.0 -0.04
606.0 -0.22000000000000006
607.0 -0.375
608.0 -0.022727272727272728
609.0 -0.45000000000000007
610.0 -0.5340909090909092
611.0 -0.026511432178426147
612.0 -0.125
613.0 -0.1931818181818182
614.0 -0.36000000000000004
615.0 -0.27212001752080595
616.0 -0.375
617.0 -0.4166666666666667
618.0 -0.4166666666666667
619.0 -0.125
620.0 -0.25
621.0 -0.2062043795620438
622.0 -0.5
623.0 -0.125
624.0 -0.5113636363636364
625.0 -0.36000000000000004
626.0 -0.625
627.0 -0.18000000000000002
628.0 -0.005000000000000003
629.0 -0.36000000000000004
630.0 -0.75
631.0 -0.08333333333333333
632.0 -0.25
633.0 -0.019185326611942655
634.0 -0.625
635.0 -0.09090909090909091
636.0 -0.625
637.0 -0.03826530612244898
638.0 -0.08333333333333333
639.0 -0.008034894398530763
640.0 -0.14121694103926127
641.0 -0.25
642.0 -0.03826530612244898
643.0 -0.051020408163265314
644.0 -0.135
645.0 -0.31569343065693434
646.0 -0.5
647.0 -0.36000000000000004
648.0 -0.33339533369758545
649.0 -0.375
650.0 -0.25
651.0 -0.5340909090909091
652.0 -0.08333333333333333
653.0 -0.021897810218978103
654.0 -0.08333333333333333
655.0 -0.08333333333333333
656.0 -0.7250000000000001
657.0 -0.08333333333333333
658.0 -0.045454545454545456
659.0 -0.11826402742769769
660.0 -0.625
661.0 -0.042517006802721094
662.0 -0.008034894398530763
663.0 -0.04
664.0 -0.21500000000000005
665.0 -0.875
666.0 -0.06818181818181819
667.0 -0.04
668.0 -0.875
669.0 -0.005000000000000003
670.0 -0.5416666666666666
671.0 -0.27
672.0 -0.041666666666666664
673.0 -0.1240476744020733
674.0 -8.212877792378447E-4
675.0 -0.17384976855098894
676.0 -0.33339533369758545
677.0 -0.01149418015642329
678.0 -0.3728492074244683
679.0 -0.1425515500070136
680.0 -0.045454545454545456
681.0 -0.025510204081632657
682.0 -0.011289291503495547
683.0 -0.75
684.0 -0.12992819401165154
685.0 -0.007525892654489853
686.0 -0.08333333333333333
687.0 -0.5113636363636364
688.0 -0.5113636363636364
689.0 -0.125
690.0 -0.05930656934306569
691.0 -0.5775547445255476
692.0 -0.5113636363636364
693.0 -0.041666666666666664
694.0 -0.7272727272727273
695.0 -0.625
696.0 -0.2916666666666667
697.0 -0.3333333333333333
698.0 -0.625
699.0 -0.25
700.0 -0.2731337217179245
701.0 -0.6477272727272727
702.0 -0.04
703.0 -0.04
704.0 -0.22000000000000006
705.0 -0.4600000000000001
706.0 -0.5909090909090909
707.0 -0.625
708.0 -0.25
709.0 -0.21500000000000005
710.0 -0.27272727272727276
711.0 -0.75
712.0 -0.36000000000000004
713.0 -0.125
714.0 -0.625
715.0 -0.375
716.0 -0.11000000000000003
717.0 -0.375
718.0 -0.5
719.0 -0.01824817518248175
720.0 -0.25
721.0 -0.012193469719550197
722.0 -0.04877387887820079
723.0 -0.16476425958542204
724.0 -0.625
725.0 -0.36000000000000004
726.0 -0.33339533369758545
727.0 -0.013102174271570594
728.0 -0.013102174271570594
729.0 -0.04
730.0 -0.04
731.0 -0.4583333333333333
732.0 -0.36000000000000004
733.0 -0.2737226277372263
734.0 -0.041666666666666664
735.0 -0.3333333333333333
736.0 -0.041666666666666664
737.0 -0.625
738.0 -0.2731337217179245
739.0 -0.019185326611942655
740.0 -0.06818181818181819
741.0 -0.6363636363636365
742.0 -0.33339533369758545
743.0 -0.06843065693430657
744.0 -0.5775547445255476
745.0 -0.004909524477486324
746.0 -0.8295454545454546
747.0 -0.6704545454545455
748.0 -0.24000000000000005
749.0 -0.017006802721088437
750.0 -0.6363636363636365
751.0 -0.5113636363636364
752.0 -0.08333333333333333
753.0 -0.01037537345531905
754.0 -0.33339533369758545
755.0 -0.625
756.0 -0.04
757.0 -0.515
758.0 -0.08333333333333333
759.0 -0.36000000000000004
760.0 -0.25
761.0 -0.4626666666666666
762.0 -0.08333333333333333
763.0 -0.36000000000000004
764.0 -0.5
765.0 -0.1
766.0 -0.11949035812672176
767.0 -0.18181818181818182
768.0 -0.02299605781865966
769.0 -0.08333333333333333
770.0 -0.016069788797061526
771.0 -0.016069788797061526
772.0 -0.5340909090909091
773.0 -0.75
774.0 -0.06818181818181819
775.0 -0.02158341696496301
776.0 -0.625
777.0 -0.4518022797695972
778.0 -0.7250000000000001
779.0 -0.805
780.0 -0.5053417188825985
781.0 -0.602
782.0 -0.5053417188825985
783.0 -0.625
784.0 -0.75
785.0 -0.3333333333333333
786.0 -0.5
787.0 -0.04
788.0 -0.5
789.0 -0.625
790.0 -0.01916058394160584
791.0 -0.33339533369758545
792.0 -0.10948905109489052
793.0 -0.01916058394160584
794.0 -0.01824817518248175