0.0 -0.5113636363636364
1.0 -0.625
2.0 -0.31000000000000005
3.0 -0.04036223712814313
4.0 -0.875
5.0 -0.08333333333333333
6.0 -0.6704545454545455
7.0 -0.24234693877551022
8.0 -0.5
9.0 -0.25
10.0 -0.375
11.0 -0.6291555617898724
12.0 -0.75
13.0 -0.6363636363636365
14.0 -0.5
15.0 -0.125
16.0 -0.625
17.0 -0.27212001752080595
18.0 -0.028849255175544437
19.0 -0.04656646079965596
20.0 -0.34090909090909094
21.0 -0.125
22.0 -0.5
23.0 -0.625
24.0 -0.4166666666666667
25.0 -0.5706406664316871
26.0 -0.5
27.0 -0.5
28.0 -0.10500000000000001
29.0 -0.19283746556473833
30.0 -0.625
31.0 -0.05656934306569344
32.0 -0.25
33.0 -0.4081632653061225
34.0 -0.625
35.0 -0.125
36.0 -0.05061983471074381
37.0 -0.06000000000000001
38.0 -0.125
39.0 -0.125
40.0 -0.33339533369758545
41.0 -0.013686131386861315
42.0 -0.125
43.0 -0.75
44.0 -0.08333333333333333
45.0 -0.4583333333333333
46.0 -0.375
47.0 -0.24087591240875916
48.0 -0.24000000000000005
49.0 -0.08503401360544217
50.0 -0.09090909090909091
51.0 -0.019185326611942655
52.0 -0.75
53.0 -0.34090909090909094
54.0 -0.06802721088435375
55.0 -0.5416666666666666
56.0 -0.25
57.0 -0.06000000000000001
58.0 -0.09000000000000001
59.0 -0.08333333333333333
60.0 -0.04562043795620438
61.0 -0.25
62.0 -0.125
63.0 -0.02737226277372263
64.0 -0.5
65.0 -0.2539290069096329
66.0 -0.375
67.0 -0.75
68.0 -0.06818181818181819
69.0 -0.01595595455183055
70.0 -0.375
71.0 -0.4604040404040405
72.0 -0.08333333333333333
73.0 -0.125
74.0 -0.08333333333333333
75.0 -0.04
76.0 -0.3333333333333333
77.0 -0.6797445255474452
78.0 -0.27
79.0 -0.805
80.0 -0.06843065693430657
81.0 -0.875
82.0 -0.06401571602763853
83.0 -0.375
84.0 -0.5833333333333334
85.0 -0.4090909090909091
86.0 -0.01833092425129314
87.0 -0.54
88.0 -0.09000000000000001
89.0 -0.125
90.0 -0.125
91.0 -0.75
92.0 -0.375
93.0 -0.5833333333333334
94.0 -0.7083333333333334
95.0 -0.2731337217179245
96.0 -0.11727989487516424
97.0 -0.75
98.0 -0.625
99.0 -0.625
100.0 -0.04275124280863844
101.0 -0.6724295132557162
102.0 -0.75
103.0 -0.75
104.0 -0.2916666666666667
105.0 -0.5563590449954088
106.0 -0.4846938775510204
107.0 -0.16666666666666666
108.0 -0.10227272727272728
109.0 -0.27272727272727276
110.0 -0.18000000000000002
111.0 -0.020408163265306124
112.0 -0.041666666666666664
113.0 -0.027548209366391185
114.0 -0.030612244897959186
115.0 -0.335
116.0 -0.028925619834710748
117.0 -0.06818181818181819
118.0 -0.875
119.0 -0.5
120.0 -0.01037537345531905
121.0 -0.375
122.0 -0.018410716790573715
123.0 -0.035
124.0 -0.06843065693430657
125.0 -0.00402808616500622
126.0 -0.013102174271570594
127.0 -0.1903737262725329
128.0 -0.42006802721088443
129.0 -0.5909090909090909
130.0 -0.26003649635036497
131.0 -0.875
132.0 -0.2773722627737226
133.0 -0.13636363636363638
134.0 -0.75
135.0 -0.25
136.0 -0.5416666666666666
137.0 -0.07
138.0 -0.8333333333333334
139.0 -0.5
140.0 -0.5340909090909092
141.0 -0.6666666666666666
142.0 -0.875
143.0 -0.125
144.0 -0.3490625485300618
145.0 -0.03213957759412305
146.0 -0.5833333333333334
147.0 -0.034013605442176874
148.0 -0.02606219886114762
149.0 -0.5
150.0 -0.5
151.0 -0.1735537190082645
152.0 -0.03382752515770344
153.0 -0.125
154.0 -0.6138181818181818
155.0 -0.625
156.0 -0.125
157.0 -0.08333333333333333
158.0 -0.36133333333333334
159.0 -0.125
160.0 -0.5100000000000001
161.0 -0.4090909090909091
162.0 -0.034090909090909095
163.0 -0.31569343065693434
164.0 -0.18000000000000002
165.0 -0.3571428571428572
166.0 -0.75
167.0 -0.022727272727272728
168.0 -0.625
169.0 -0.6477272727272727
170.0 -0.26033057851239677
171.0 -0.06818181818181819
172.0 -0.7083333333333334
173.0 -0.34090909090909094
174.0 -0.75
175.0 -0.3333333333333333
176.0 -0.25340136054421775
177.0 -0.03213957759412305
178.0 -0.08843537414965988
179.0 -0.625
180.0 -0.625
181.0 -0.4583333333333333
182.0 -0.625
183.0 -0.041666666666666664
184.0 -0.06000000000000001
185.0 -0.43704379562043794
186.0 -0.75
187.0 -0.75
188.0 -0.4166666666666667
189.0 -0.25
190.0 -0.21853741496598642
191.0 -0.14772727272727273
192.0 -0.17490180951045028
193.0 -0.4583333333333333
194.0 -0.75
195.0 -0.5775547445255476
196.0 -0.5900000000000001
197.0 -0.25
198.0 -0.42161948243688996
199.0 -0.08000000000000002
200.0 -0.75
201.0 -0.36000000000000004
202.0 -0.04599211563731932
203.0 -0.75
204.0 -0.125
205.0 -0.04760127103964831
206.0 -0.041666666666666664
207.0 -0.5927550467416339
208.0 -0.16666666666666666
209.0 -0.875
210.0 -0.25
211.0 -0.5
212.0 -0.008503401360544218
213.0 -0.021840726513634078
214.0 -0.24000000000000005
215.0 -0.08394258527473328
216.0 -0.3605163249648171
217.0 -0.125
218.0 -0.5
219.0 -0.4583333333333333
220.0 -0.10947635316744514
221.0 -0.5
222.0 -0.8712727272727273
223.0 -0.6136363636363636
224.0 -0.0021901007446342557
225.0 -0.6590909090909091
226.0 -0.75
227.0 -0.3333333333333333
228.0 -0.045454545454545456
229.0 -0.28284671532846717
230.0 -0.20833333333333334
231.0 -0.875
232.0 -0.25
233.0 -0.43100000000000005
234.0 -0.08418367346938777
235.0 -0.75
236.0 -0.5568181818181818
237.0 -0.5
238.0 -0.125
239.0 -0.75
240.0 -0.18181818181818185
241.0 -0.4292597459483137
242.0 -0.5
243.0 -0.75
244.0 -0.6666666666666666
245.0 -0.375
246.0 -0.20454545454545456
247.0 -0.16666666666666666
248.0 -0.75
249.0 -0.32954545454545453
250.0 -0.25
251.0 -0.20454545454545456
252.0 -0.025489794848117878
253.0 -0.06327125467381826
254.0 -0.30000000000000004
255.0 -0.17000000000000004
256.0 -0.08333333333333333
257.0 -0.375
258.0 -0.27840277860735146
259.0 -0.625
260.0 -0.09500000000000001
261.0 -0.75
262.0 -0.375
263.0 -0.625
264.0 -0.625
265.0 -0.2916666666666667
266.0 -0.4583333333333333
267.0 -0.6206666666666667
268.0 -0.875
269.0 -0.5656934306569343
270.0 -0.032851511169513806
271.0 -0.030000000000000006
272.0 -0.08333333333333333
273.0 -0.030000000000000006
274.0 -0.05474452554744526
275.0 -0.3068181818181818
276.0 -0.25
277.0 -0.25
278.0 -0.5227272727272728
279.0 -0.4583333333333333
280.0 -0.75
281.0 -0.3333333333333333
282.0 -0.27272727272727276
283.0 -0.75
284.0 -0.436868686868687
285.0 -0.055000000000000014
286.0 -0.2916666666666667
287.0 -0.08333333333333333
288.0 -0.515
289.0 -0.5788435374149661
290.0 -0.25
291.0 -0.875
292.0 -0.1590909090909091
293.0 -0.7954545454545454
294.0 -0.125
295.0 -0.125
296.0 -0.125
297.0 -0.021897810218978103
298.0 -0.016069788797061526
299.0 -0.25
300.0 -0.25
301.0 -0.5053417188825985
302.0 -0.5
303.0 -0.04215943933420938
304.0 -0.08758503401360546
305.0 -0.06000000000000001
306.0 -0.02573368374945248
307.0 -0.18000000000000002
308.0 -0.09000000000000001
309.0 -0.625
310.0 -0.11479591836734696
311.0 -0.75
312.0 -0.06569343065693431
313.0 -0.021258503401360544
314.0 -0.75
315.0 -0.625
316.0 -0.04562043795620438
317.0 -0.125
318.0 -0.6200000000000001
319.0 -0.09198423127463864
320.0 -0.009819048954972648
321.0 -0.36000000000000004
322.0 -0.875
323.0 -0.625
324.0 -0.06818181818181819
325.0 -0.011289291503495547
326.0 -0.09124087591240877
327.0 -0.25
328.0 -0.16666666666666666
329.0 -0.023585549817815733
330.0 -0.75
331.0 -0.1425515500070136
332.0 -0.06843065693430657
333.0 -0.05
334.0 -0.059748001625795966
335.0 -0.22000000000000006
336.0 -0.375
337.0 -0.45000000000000007
338.0 -0.026511432178426147
339.0 -0.1931818181818182
340.0 -0.375
341.0 -0.2062043795620438
342.0 -0.005000000000000003
343.0 -0.75
344.0 -0.08333333333333333
345.0 -0.25
346.0 -0.03826530612244898
347.0 -0.08333333333333333
348.0 -0.008034894398530763
349.0 -0.14121694103926127
350.0 -0.051020408163265314
351.0 -0.135
352.0 -0.25
353.0 -0.5340909090909091
354.0 -0.08333333333333333
355.0 -0.7250000000000001
356.0 -0.045454545454545456
357.0 -0.11826402742769769
358.0 -0.042517006802721094
359.0 -0.21500000000000005
360.0 -0.875
361.0 -0.06818181818181819
362.0 -0.041666666666666664
363.0 -0.1240476744020733
364.0 -8.212877792378447E-4
365.0 -0.17384976855098894
366.0 -0.01149418015642329
367.0 -0.3728492074244683
368.0 -0.025510204081632657
369.0 -0.12992819401165154
370.0 -0.007525892654489853
371.0 -0.08333333333333333
372.0 -0.05930656934306569
373.0 -0.7272727272727273
374.0 -0.2916666666666667
375.0 -0.25
376.0 -0.22000000000000006
377.0 -0.4600000000000001
378.0 -0.25
379.0 -0.27272727272727276
380.0 -0.75
381.0 -0.125
382.0 -0.375
383.0 -0.11000000000000003
384.0 -0.5
385.0 -0.01824817518248175
386.0 -0.25
387.0 -0.012193469719550197
388.0 -0.04877387887820079
389.0 -0.16476425958542204
390.0 -0.2737226277372263
391.0 -0.041666666666666664
392.0 -0.3333333333333333
393.0 -0.06818181818181819
394.0 -0.004909524477486324
395.0 -0.8295454545454546
396.0 -0.017006802721088437
397.0 -0.08333333333333333
398.0 -0.4626666666666666
399.0 -0.5
400.0 -0.1
401.0 -0.11949035812672176
402.0 -0.18181818181818182
403.0 -0.02299605781865966
404.0 -0.5340909090909091
405.0 -0.06818181818181819
406.0 -0.02158341696496301
407.0 -0.625
408.0 -0.4518022797695972
409.0 -0.602
410.0 -0.625
411.0 -0.75
412.0 -0.3333333333333333
413.0 -0.01916058394160584
414.0 -0.10948905109489052